0152996
0294907
0159184
0156577
0105146
0168661
0299258
0168663
0212994
0215527
0190665
0191777
0228255
0230003
0289945
0216527
0286023
0125400
0249088
0199757
0288192
0297387
0145537
0288804
0267418
0192103
0137369
0168351
0176349
0139632
0121085
0161719
0295592
0147629
0254221
0140439
0141023
0238551
0292157
0253242
0192221
0139931
0253896
0143389
0249804
0194223
0131027
0148660
0131321
0183440
0179357
0155588
0293364
0260645
0105247
0226703
0198990
0118101
0175769
0127556
0119840
0282377
0138136
0195185
0224264
0179378
0266143
0151268
0249672
0249085
0193211
0277993
0248443
0159563
0188676
0274474
0283180
0195429
0117671
0258360
0237893
0157360
0287435
0105370
0199982
0153900
0251226
0217604
0204183
0194011
0136639
0101898
0178139
0258056
0238286
0246579
0212288
0112561
0264254
0227141
